%Exercise 1
Z = magic(3)

Z =

     8     1     6
     3     5     7
     4     9     2

Z(3,:)

ans =

     4     9     2

Z(:, 2)

ans =

     1
     5
     9

Z(2,:)

ans =

     3     5     7

Z(:, 1)

ans =

     8
     3
     4

Z(3,2)

ans =

     9

Z(2,2)

ans =

     5

Z(1,3)

ans =

     6

Z(6)

ans =

     9

Z(4)

ans =

     1

Z(3)

ans =

     4

Z(4)

ans =

     1

Z(4, 1) = 10

Z =

     8     1     6
     3     5     7
     4     9     2
    10     0     0

Z(1, 4) = 20

Z =

     8     1     6    20
     3     5     7     0
     4     9     2     0
    10     0     0     0

Z(4, 3) = 30

Z =

     8     1     6    20
     3     5     7     0
     4     9     2     0
    10     0    30     0